1765 0.000278052
1766 0.000278106
1767 0.00027822
1768 0.000278343
1769 0.000278471
1770 0.0002786
1771 0.000278733
1772 0.000278869
1773 0.000279009
1774 0.000279153
1775 0.000279302
1776 0.000279457
1777 0.000279618
1778 0.000279782
1779 0.000279943
1780 0.000280097
1781 0.000280243
1782 0.000280382
1783 0.000280518
1784 0.000280657
1785 0.000280803
1786 0.000280957
1787 0.000281118
1788 0.000281282
1789 0.000281443
1790 0.000281598
1791 0.000281747
1792 0.000281891
1793 0.000282031
1794 0.000282167
1795 0.000282299
1796 0.000282427
1797 0.000282551
1798 0.000282671
1799 0.000282787
1800 0.000282899
1801 0.000283007
1802 0.000283111
1803 0.000283211
1804 0.000283307
1805 0.0002834
1806 0.00028349
1807 0.000283578
1808 0.000283661
1809 0.000283735
1810 0.000283797
1811 0.000283847
1812 0.000283889
1813 0.000283926
1814 0.000283963
1815 0.000284001
1816 0.000284043
1817 0.000284086
1818 0.000284129
1819 0.000284167
1820 0.000284198
1821 0.000284223
1822 0.000284244
1823 0.000284263
1824 0.000284281
1825 0.0002843
1826 0.00028432
1827 0.00028434
1828 0.00028436
1829 0.00028438
1830 0.0002844
1831 0.000284385
1832 0.00028428
1833 0.000284125
1834 0.000283975
1835 0.000283825
1836 0.000283675
1837 0.000283525
1838 0.000283425
1839 0.0002834
1840 0.0002834
1841 0.000283425
1842 0.0002835
1843 0.0002836
1844 0.000283725
1845 0.0002839
1846 0.000284075
1847 0.000284225
1848 0.0002844
1849 0.000284575
1850 0.000284725
1851 0.000284875
1852 0.000285
1853 0.000285125
1854 0.000285275
1855 0.000285425
1856 0.000285575
1857 0.000285725
1858 0.0002859
1859 0.000286075
1860 0.000286225
1861 0.000286375
1862 0.0002865
1863 0.000286625
1864 0.000286775
1865 0.0002869
1866 0.000287
1867 0.0002871
1868 0.000287225
1869 0.000287375
1870 0.000287525
1871 0.0002877
1872 0.0002879
1873 0.000288125
1874 0.0002884
1875 0.0002887
1876 0.000289025
1877 0.0002894
1878 0.0002898
1879 0.000290225
1880 0.0002907
1881 0.0002912
1882 0.000291675
1883 0.000292125
1884 0.000292575
1885 0.000292975
1886 0.0002933
1887 0.000293575
1888 0.0002938
1889 0.000294
1890 0.000294175
1891 0.000294325
1892 0.000294475
1893 0.0002946
1894 0.0002947
1895 0.0002948
1896 0.0002949
1897 0.000295025
1898 0.000295225
1899 0.0002955
1900 0.0002958
1901 0.000296125
1902 0.000296475
1903 0.000296825
1904 0.0002972
1905 0.000297625
1906 0.000298075
1907 0.0002985
1908 0.0002989
1909 0.0002993
1910 0.0002997
1911 0.000300075
1912 0.000300425
1913 0.000300775
1914 0.0003011
1915 0.0003014
1916 0.000301725
1917 0.000302075
1918 0.0003024
1919 0.0003027
1920 0.000303025
1921 0.0003034
1922 0.000303775
1923 0.000304125
1924 0.000304525
1925 0.000304975
1926 0.0003054
1927 0.000305825
1928 0.0003063
1929 0.000306775
1930 0.000307225
1931 0.0003077
1932 0.000308175
1933 0.0003086
1934 0.000309
1935 0.0003094
1936 0.00030975
1937 0.00031
1938 0.000310175
1939 0.0003103
1940 0.000310375
1941 0.000310375
1942 0.0003103
1943 0.0003102
1944 0.000310125
1945 0.0003101
1946 0.000310125
1947 0.0003102
1948 0.000310325
1949 0.0003105
1950 0.00031075
1951 0.0003111
1952 0.0003115
1953 0.000311925
1954 0.000312425
1955 0.000313
1956 0.0003136
1957 0.000314225
1958 0.000314848
1959 0.0003155
1960 0.000316273
1961 0.000317075
1962 0.000317795
1963 0.000318398
1964 0.000318925
1965 0.000319648
1966 0.000320648
1967 0.000321605
1968 0.000322635
1969 0.000323903
1970 0.000324985
1971 0.000325855
1972 0.00032714
1973 0.000328678
1974 0.000329743
1975 0.000330585
1976 0.000331748
1977 0.000333273
1978 0.000334848
1979 0.000336525
1980 0.00033836
1981 0.000339728
1982 0.000340793
1983 0.000342198
1984 0.000343783
1985 0.000345283
1986 0.000346798
1987 0.000348645
1988 0.000350738
1989 0.000352488
1990 0.000353855
1991 0.000355018
1992 0.000355885
1993 0.000356778
1994 0.000358128
1995 0.000359838
1996 0.000361463
1997 0.000363155
1998 0.000365323
1999 0.000367348
2000 0.000368865
2001 0.000370468
2002 0.000372523
2003 0.00037476
2004 0.000376813
2005 0.000378813
2006 0.000380828
2007 0.000382778
2008 0.0003848
2009 0.000386935
2010 0.000389072
2011 0.000391167
2012 0.000393241
2013 0.000395298
2014 0.000397346
2015 0.000399387
2016 0.000401418
2017 0.000403431
2018 0.000405425
2019 0.000407401
2020 0.00040936
2021 0.000411298
2022 0.000413219
2023 0.000415144
2024 0.000417083
2025 0.000419036
2026 0.000421004
2027 0.000422978
2028 0.00042495
2029 0.000426916
2030 0.000428876
2031 0.000430832
2032 0.000432807
2033 0.000434831
2034 0.000436916
2035 0.000439068
2036 0.000441286
2037 0.000443567
2038 0.000445903
2039 0.000448282
2040 0.000450698
2041 0.00045315
2042 0.000455645
2043 0.000458182
2044 0.000460762
2045 0.000463405
2046 0.00046612
2047 0.000468908
2048 0.000471768
2049 0.000474692
2050 0.00047767
2051 0.000480697
2052 0.000483777
2053 0.000486916
2054 0.000490103
2055 0.000493338
2056 0.000496642
2057 0.000500022
2058 0.000503483
2059 0.000507023
2060 0.000510634
2061 0.000514305
2062 0.000518027
2063 0.000521797
2064 0.000525619
2065 0.000529486
2066 0.0005334
2067 0.000537381
2068 0.000541443
2069 0.000545589
2070 0.00054982
2071 0.000554129
2072 0.000558486
2073 0.000562867
2074 0.000567272
2075 0.000571701
2076 0.000576146
2077 0.000580606
2078 0.000585105
2079 0.000589653
2080 0.000594257
2081 0.000598918
2082 0.000603538
2083 0.00060802
2084 0.000612364
2085 0.000616572
2086 0.000620648
2087 0.000624583
2088 0.000628381
2089 0.000632065
2090 0.000635649
2091 0.000639141
2092 0.000642597
2093 0.000646061
2094 0.000649515
2095 0.000652951
2096 0.000656364
2097 0.000659754
2098 0.000663107
2099 0.000666423
2100 0.000669723
2101 0.000673022
2102 0.000676291
2103 0.000679501
2104 0.000682645
2105 0.000685711
2106 0.000688693
2107 0.000691589
2108 0.0006944
2109 0.000697114
2110 0.000699732
2111 0.000702276
2112 0.000704764
2113 0.000707203
2114 0.000709595
2115 0.000711934
2116 0.000714205
2117 0.000716401
2118 0.000718519
2119 0.00072056
2120 0.00072251
2121 0.000724368
2122 0.000726158
2123 0.000727896
2124 0.000729591
2125 0.000731244
2126 0.000732848
2127 0.000734389
2128 0.000735862
2129 0.000737263
2130 0.000738592
2131 0.000739834
2132 0.000740989
2133 0.00074208
2134 0.000743124
2135 0.000744128
2136 0.000745096
2137 0.000746019
2138 0.000746882
2139 0.000747677
2140 0.0007484
2141 0.000749052
2142 0.000749617
2143 0.000750093
2144 0.000750506
2145 0.000750871
2146 0.000751198
2147 0.000751489
2148 0.000751735
2149 0.000751922
2150 0.000751999
2151 0.000751999
2152 0.000751999
2153 0.000751999
2154 0.000751999
2155 0.000751999
2156 0.000751999
2157 0.000751999
2158 0.000751999
2159 0.000751999
2160 0.000751999
2161 0.000751999
2162 0.000751999
2163 0.000751999
2164 0.000751999
2165 0.000751999
2166 0.000751999
2167 0.000751999
2168 0.000751999
2169 0.000751999
2170 0.000751999
2171 0.000751999
2172 0.000751999
2173 0.000751999
2174 0.000751999
2175 0.000751999
2176 0.000751999
2177 0.000751999
2178 0.000751999
2179 0.000751999
2180 0.000751999
2181 0.000751999
2182 0.000751999
2183 0.000751999
2184 0.000751999
2185 0.000751999
2186 0.000751999
2187 0.000751999
2188 0.000751999
2189 0.000751999
2190 0.000751999
2191 0.000751999
2192 0.000751999
2193 0.000751999
2194 0.000751999
2195 0.000751999
2196 0.000751999
2197 0.000751999
2198 0.000751999
2199 0.000751999
2200 0.000751999
2201 0.000751999
2202 0.000751999
2203 0.000751999
2204 0.000751999
2205 0.000751999
2206 0.000751999
2207 0.000751999
2208 0.000751999
2209 0.000751999
2210 0.000751999
2211 0.000751999
2212 0.000751999
2213 0.000751999
2214 0.000751999
2215 0.000751999
2216 0.000751999
2217 0.000751999
2218 0.000751999
2219 0.000751999
2220 0.000751999
2221 0.000751999
2222 0.000751999
2223 0.000751999
2224 0.000751999
2225 0.000751999
2226 0.000751999
2227 0.000751999
2228 0.000751999
2229 0.000751999
2230 0.000751999
2231 0.000751999
2232 0.000751999
2233 0.000751999
2234 0.000751999
2235 0.000751999
2236 0.000751999
2237 0.000751999
2238 0.000751999
2239 0.000751999
2240 0.000751999
2241 0.000751999
2242 0.000751999
2243 0.000751999
2244 0.000751999
2245 0.000751999
2246 0.000751999
2247 0.000751999
2248 0.000751999
2249 0.000751999
2250 0.000751999
2251 0.000751999
2252 0.000751999
2253 0.000751999
2254 0.000751999
2255 0.000751999
2256 0.000751999
2257 0.000751999
2258 0.000751999
2259 0.000751999
2260 0.000751999
2261 0.000751999
2262 0.000751999
2263 0.000751999
2264 0.000751999
2265 0.000751999
2266 0.000751999
2267 0.000751999
2268 0.000751999
2269 0.000751999
2270 0.000751999
2271 0.000751999
2272 0.000751999
2273 0.000751999
2274 0.000751999
2275 0.000751999
2276 0.000751999
2277 0.000751999
2278 0.000751999
2279 0.000751999
2280 0.000751999
2281 0.000751999
2282 0.000751999
2283 0.000751999
2284 0.000751999
2285 0.000751999
2286 0.000751999
2287 0.000751999
2288 0.000751999
2289 0.000751999
2290 0.000751999
2291 0.000751999
2292 0.000751999
2293 0.000751999
2294 0.000751999
2295 0.000751999
2296 0.000751999
2297 0.000751999
2298 0.000751999
2299 0.000751999
2300 0.000751999
2301 0.000751999
2302 0.000751999
2303 0.000751999
2304 0.000751999
2305 0.000751999
2306 0.000751999
2307 0.000751999
2308 0.000751999
2309 0.000751999
2310 0.000751999
2311 0.000751999
2312 0.000751999
2313 0.000751999
2314 0.000751999
2315 0.000751999
2316 0.000751999
2317 0.000751999
2318 0.000751999
2319 0.000751999
2320 0.000751999
2321 0.000751999
2322 0.000751999
2323 0.000751999
2324 0.000751999
2325 0.000751999
2326 0.000751999
2327 0.000751999
2328 0.000751999
2329 0.000751999
2330 0.000751999
2331 0.000751999
2332 0.000751999
2333 0.000751999
2334 0.000751999
2335 0.000751999
2336 0.000751999
2337 0.000751999
2338 0.000751999
2339 0.000751999
2340 0.000751999
2341 0.000751999
2342 0.000751999
2343 0.000751999
2344 0.000751999
2345 0.000751999
2346 0.000751999
2347 0.000751999
2348 0.000751999
2349 0.000751999
2350 0.000751999
2351 0.000751999
2352 0.000751999
2353 0.000751999
2354 0.000751999
2355 0.000751999
2356 0.000751999
2357 0.000751999
2358 0.000751999
2359 0.000751999
2360 0.000751999
2361 0.000751999
2362 0.000751999
2363 0.000751999
2364 0.000751999
2365 0.000751999
2366 0.000751999
2367 0.000751999
2368 0.000751999
2369 0.000751999
2370 0.000751999
2371 0.000751999
2372 0.000751999
2373 0.000751999
2374 0.000751999
2375 0.000751999
2376 0.000751999
2377 0.000751999
2378 0.000751999
2379 0.000751999
2380 0.000751999
2381 0.000751999
2382 0.000751999
2383 0.000751999
2384 0.000751999
2385 0.000751999
2386 0.000751999
2387 0.000751999
2388 0.000751999
2389 0.000751999
2390 0.000751999
2391 0.000751999
2392 0.000751999
2393 0.000751999
2394 0.000751999
2395 0.000751999
2396 0.000751999
2397 0.000751999
2398 0.000751999
2399 0.000751999
2400 0.000751999
2401 0.000751999
2402 0.000751999
2403 0.000751999
2404 0.000751999
2405 0.000751999
2406 0.000751999
2407 0.000751999
2408 0.000751999
2409 0.000751999
2410 0.000751999
2411 0.000751999
2412 0.000751999
2413 0.000751999
2414 0.000751999
2415 0.000751999
2416 0.000751999
2417 0.000751999
2418 0.000751999
2419 0.000751999
2420 0.000751999
2421 0.000751999
2422 0.000751999
2423 0.000751999
2424 0.000751999
2425 0.000751999
2426 0.000751999
2427 0.000751999
2428 0.000751999
2429 0.000751999
2430 0.000751999
2431 0.000751999
2432 0.000751999
2433 0.000751999
2434 0.000751999
2435 0.000751999
2436 0.000751999
2437 0.000751999
2438 0.000751999
2439 0.000751999
2440 0.000751999
2441 0.000751999
2442 0.000751999
2443 0.000751999
2444 0.000751999
2445 0.000751999
2446 0.000751999
2447 0.000751999
2448 0.000751999
2449 0.000751999
2450 0.000751999
2451 0.000751999
2452 0.000751999
2453 0.000751999
2454 0.000751999
2455 0.000751999
2456 0.000751999
2457 0.000751999
2458 0.000751999
2459 0.000751999
2460 0.000751999
2461 0.000751999
2462 0.000751999
2463 0.000751999
2464 0.000751999
2465 0.000751999
2466 0.000751999
2467 0.000751999
2468 0.000751999
2469 0.000751999
2470 0.000751999
2471 0.000751999
2472 0.000751999
2473 0.000751999
2474 0.000751999
2475 0.000751999
2476 0.000751999
2477 0.000751999
2478 0.000751999
2479 0.000751999
2480 0.000751999
2481 0.000751999
2482 0.000751999
2483 0.000751999
2484 0.000751999
2485 0.000751999
2486 0.000751999
2487 0.000751999
2488 0.000751999
2489 0.000751999
2490 0.000751999
2491 0.000751999
2492 0.000751999
2493 0.000751999
2494 0.000751999
2495 0.000751999
2496 0.000751999
2497 0.000751999
2498 0.000751999
2499 0.000751999
2500 0.000751999
