1765 0.000278052
1766 0.000278106
1767 0.00027822
1768 0.000278343
1769 0.000278471
1770 0.0002786
1771 0.000278733
1772 0.000278869
1773 0.000279009
1774 0.000279153
1775 0.000279302
1776 0.000279457
1777 0.000279618
1778 0.000279782
1779 0.000279943
1780 0.000280097
1781 0.000280243
1782 0.000280382
1783 0.000280518
1784 0.000280657
1785 0.000280803
1786 0.000280957
1787 0.000281118
1788 0.000281282
1789 0.000281443
1790 0.000281598
1791 0.000281747
1792 0.000281891
1793 0.000282031
1794 0.000282167
1795 0.000282299
1796 0.000282427
1797 0.000282551
1798 0.000282671
1799 0.000282787
1800 0.000282899
1801 0.000283007
1802 0.000283111
1803 0.000283211
1804 0.000283307
1805 0.0002834
1806 0.00028349
1807 0.000283578
1808 0.000283661
1809 0.000283735
1810 0.000283797
1811 0.000283847
1812 0.000283889
1813 0.000283926
1814 0.000283963
1815 0.000284001
1816 0.000284043
1817 0.000284086
1818 0.000284129
1819 0.000284167
1820 0.000284198
1821 0.000284223
1822 0.000284244
1823 0.000284263
1824 0.000284281
1825 0.0002843
1826 0.00028432
1827 0.00028434
1828 0.00028436
1829 0.00028438
1830 0.0002844
1831 0.000284385
1832 0.00028428
1833 0.000284125
1834 0.000283975
1835 0.000283825
1836 0.000283675
1837 0.000283525
1838 0.000283425
1839 0.0002834
1840 0.0002834
1841 0.000283425
1842 0.0002835
1843 0.0002836
1844 0.000283725
1845 0.0002839
1846 0.000284075
1847 0.000284225
1848 0.0002844
1849 0.000284575
1850 0.000284725
1851 0.000284875
1852 0.000285
1853 0.000285125
1854 0.000285275
1855 0.000285425
1856 0.000285575
1857 0.000285725
1858 0.0002859
1859 0.000286075
1860 0.000286225
1861 0.000286375
1862 0.0002865
1863 0.000286625
1864 0.000286775
1865 0.0002869
1866 0.000287
1867 0.0002871
1868 0.000287225
1869 0.000287375
1870 0.000287525
1871 0.0002877
1872 0.0002879
1873 0.000288125
1874 0.0002884
1875 0.0002887
1876 0.000289025
1877 0.0002894
1878 0.0002898
1879 0.000290225
1880 0.0002907
1881 0.0002912
1882 0.000291675
1883 0.000292125
1884 0.000292575
1885 0.000292975
1886 0.0002933
1887 0.000293575
1888 0.0002938
1889 0.000294
1890 0.000294175
1891 0.000294325
1892 0.000294475
1893 0.0002946
1894 0.0002947
1895 0.0002948
1896 0.0002949
1897 0.000295025
1898 0.000295225
1899 0.0002955
1900 0.0002958
1901 0.000296125
1902 0.000296475
1903 0.000296825
1904 0.0002972
1905 0.000297625
1906 0.000298075
1907 0.0002985
1908 0.0002989
1909 0.0002993
1910 0.0002997
1911 0.000300075
1912 0.000300425
1913 0.000300775
1914 0.0003011
1915 0.0003014
1916 0.000301725
1917 0.000302075
1918 0.0003024
1919 0.0003027
1920 0.000303025
1921 0.0003034
1922 0.000303775
1923 0.000304125
1924 0.000304525
1925 0.000304975
1926 0.0003054
1927 0.000305825
1928 0.0003063
1929 0.000306775
1930 0.000307225
1931 0.0003077
1932 0.000308175
1933 0.0003086
1934 0.000309
1935 0.0003094
1936 0.00030975
1937 0.00031
1938 0.000310175
1939 0.0003103
1940 0.000310375
1941 0.000310375
1942 0.0003103
1943 0.0003102
1944 0.000310125
1945 0.0003101
1946 0.000310125
1947 0.0003102
1948 0.000310325
1949 0.0003105
1950 0.00031075
1951 0.0003111
1952 0.0003115
1953 0.000311925
1954 0.000312425
1955 0.000313
1956 0.0003136
1957 0.000314225
1958 0.000314848
1959 0.0003155
1960 0.000316273
1961 0.000317075
1962 0.000317795
1963 0.000318398
1964 0.000318925
1965 0.000319648
1966 0.000320648
1967 0.000321605
1968 0.000322635
1969 0.000323903
1970 0.000324985
1971 0.000325855
1972 0.00032714
1973 0.000328678
1974 0.000329743
1975 0.000330585
1976 0.000331748
1977 0.000333273
1978 0.000334848
1979 0.000336525
1980 0.00033836
1981 0.000339728
1982 0.000340793
1983 0.000342198
1984 0.000343783
1985 0.000345283
1986 0.000346798
1987 0.000348645
1988 0.000350738
1989 0.000352488
1990 0.000353855
1991 0.000355018
1992 0.000355885
1993 0.000356778
1994 0.000358128
1995 0.000359838
1996 0.000361463
1997 0.000363155
1998 0.000365323
1999 0.000367348
2000 0.000368865
2001 0.000370468
2002 0.000372523
2003 0.00037476
2004 0.000376813
2005 0.000378813
2006 0.000380828
2007 0.000382778
2008 0.0003848
2009 0.000387001
2010 0.000389285
2011 0.000391563
2012 0.000393843
2013 0.000396117
2014 0.000398396
2015 0.000400681
2016 0.000402968
2017 0.000405252
2018 0.000407529
2019 0.0004098
2020 0.000412068
2021 0.000414326
2022 0.000416517
2023 0.000418603
2024 0.000420601
2025 0.000422516
2026 0.000424349
2027 0.000426097
2028 0.000427752
2029 0.000429314
2030 0.000430783
2031 0.000432163
2032 0.000433436
2033 0.000434593
2034 0.000435653
2035 0.000436628
2036 0.000437522
2037 0.000438334
2038 0.00043906
2039 0.000439691
2040 0.000440222
2041 0.000440657
2042 0.000441025
2043 0.000441347
2044 0.000441621
2045 0.000441864
2046 0.000442085
2047 0.000442283
2048 0.000442458
2049 0.000442601
2050 0.0004427
2051 0.000442752
2052 0.000442761
2053 0.000442734
2054 0.000442663
2055 0.000442548
2056 0.000442406
2057 0.000442248
2058 0.000442075
2059 0.000441886
2060 0.000441673
2061 0.000441424
2062 0.000441135
2063 0.000440803
2064 0.00044043
2065 0.00044001
2066 0.000439545
2067 0.000439052
2068 0.000438543
2069 0.000438019
2070 0.000437481
2071 0.000436919
2072 0.000436343
2073 0.000435764
2074 0.000435182
2075 0.000434595
2076 0.000433995
2077 0.000433385
2078 0.00043278
2079 0.00043219
2080 0.000431617
2081 0.000431058
2082 0.00043051
2083 0.000429964
2084 0.000429414
2085 0.000428859
2086 0.000428299
2087 0.000427727
2088 0.000427143
2089 0.000426566
2090 0.000426005
2091 0.000425461
2092 0.000424937
2093 0.000424431
2094 0.000423931
2095 0.000423431
2096 0.000422929
2097 0.000422428
2098 0.000421918
2099 0.000421401
2100 0.000420895
2101 0.00042041
2102 0.000419945
2103 0.000419498
2104 0.00041906
2105 0.000418619
2106 0.000418171
2107 0.000417715
2108 0.000417251
2109 0.000416772
2110 0.000416281
2111 0.000415795
2112 0.000415323
2113 0.000414867
2114 0.000414425
2115 0.000413989
2116 0.000413549
2117 0.000413099
2118 0.000412641
2119 0.000412173
2120 0.00041169
2121 0.000411194
2122 0.000410702
2123 0.000410223
2124 0.000409759
2125 0.000409308
2126 0.000408863
2127 0.000408417
2128 0.00040797
2129 0.000407521
2130 0.000407071
2131 0.000406612
2132 0.000406147
2133 0.000405693
2134 0.000405258
2135 0.000404844
2136 0.000404449
2137 0.000404065
2138 0.000403682
2139 0.000403294
2140 0.000402902
2141 0.000402507
2142 0.000402101
2143 0.000401687
2144 0.000401281
2145 0.000400894
2146 0.000400525
2147 0.000400174
2148 0.000399832
2149 0.000399489
2150 0.000399141
2151 0.000398788
2152 0.000398429
2153 0.00039806
2154 0.000397681
2155 0.00039731
2156 0.000396956
2157 0.00039662
2158 0.0003963
2159 0.000395989
2160 0.000395676
2161 0.000395356
2162 0.000395031
2163 0.0003947
2164 0.000394357
2165 0.000394005
2166 0.00039366
2167 0.000393331
2168 0.00039302
2169 0.000392724
2170 0.000392435
2171 0.000392145
2172 0.000391847
2173 0.000391544
2174 0.000391234
2175 0.000390912
2176 0.00039058
2177 0.000390256
2178 0.000389947
2179 0.000389654
2180 0.000389377
2181 0.000389107
2182 0.000388834
2183 0.000388554
2184 0.000388268
2185 0.000387975
2186 0.00038767
2187 0.000387355
2188 0.000387047
2189 0.000386754
2190 0.000386477
2191 0.000386215
2192 0.000385959
2193 0.000385701
2194 0.000385436
2195 0.000385163
2196 0.000384884
2197 0.000384593
2198 0.000384292
2199 0.000383997
2200 0.000383718
2201 0.000383454
2202 0.000383205
2203 0.000382962
2204 0.000382716
2205 0.000382463
2206 0.000382202
2207 0.000381935
2208 0.000381655
2209 0.000381366
2210 0.000381083
2211 0.000380815
2212 0.000380563
2213 0.000380324
2214 0.000380092
2215 0.000379856
2216 0.000379613
2217 0.000379363
2218 0.000379106
2219 0.000378837
2220 0.000378558
2221 0.000378285
2222 0.000378027
2223 0.000377784
2224 0.000377556
2225 0.000377333
2226 0.000377106
2227 0.000376872
2228 0.000376631
2229 0.000376383
2230 0.000376123
2231 0.000375853
2232 0.000375589
2233 0.00037534
2234 0.000375106
2235 0.000374886
2236 0.000374671
2237 0.000374453
2238 0.000374227
2239 0.000373994
2240 0.000373754
2241 0.000373502
2242 0.00037324
2243 0.000372985
2244 0.000372744
2245 0.000372518
2246 0.000372305
2247 0.000372098
2248 0.000371887
2249 0.000371669
2250 0.000371443
2251 0.00037121
2252 0.000370965
2253 0.000370711
2254 0.000370463
2255 0.000370229
2256 0.00037001
2257 0.000369804
2258 0.000369604
2259 0.0003694
2260 0.000369188
2261 0.000368969
2262 0.000368743
2263 0.000368504
2264 0.000368257
2265 0.000368016
2266 0.000367789
2267 0.000367576
2268 0.000367377
2269 0.000367183
2270 0.000366985
2271 0.000366779
2272 0.000366566
2273 0.000366346
2274 0.000366114
2275 0.000365873
2276 0.000365638
2277 0.000365417
2278 0.000365211
2279 0.000365018
2280 0.000364829
2281 0.000364637
2282 0.000364437
2283 0.00036423
2284 0.000364015
2285 0.000363789
2286 0.000363554
2287 0.000363325
2288 0.000363109
2289 0.000362909
2290 0.000362721
2291 0.000362538
2292 0.000362351
2293 0.000362156
2294 0.000361954
2295 0.000361745
2296 0.000361524
2297 0.000361294
2298 0.000361071
2299 0.000360861
2300 0.000360666
2301 0.000360483
2302 0.000360305
2303 0.000360123
2304 0.000359933
2305 0.000359736
2306 0.000359532
2307 0.000359316
2308 0.000359091
2309 0.000358872
2310 0.000358668
2311 0.000358477
2312 0.000358299
2313 0.000358126
2314 0.000357949
2315 0.000357764
2316 0.000357571
2317 0.000357371
2318 0.00035716
2319 0.00035694
2320 0.000356727
2321 0.000356527
2322 0.000356341
2323 0.000356167
2324 0.000355999
2325 0.000355826
2326 0.000355645
2327 0.000355456
2328 0.000355261
2329 0.000355055
2330 0.000354839
2331 0.00035463
2332 0.000354434
2333 0.000354253
2334 0.000354084
2335 0.000353919
2336 0.00035375
2337 0.000353574
2338 0.000353389
2339 0.000353198
2340 0.000352996
2341 0.000352785
2342 0.00035258
2343 0.000352389
2344 0.000352211
2345 0.000352046
2346 0.000351885
2347 0.00035172
2348 0.000351548
2349 0.000351367
2350 0.00035118
2351 0.000350981
2352 0.000350774
2353 0.000350574
2354 0.000350386
2355 0.000350213
2356 0.000350052
2357 0.000349895
2358 0.000349733
2359 0.000349564
2360 0.000349387
2361 0.000349204
2362 0.000349009
2363 0.000348806
2364 0.000348609
2365 0.000348426
2366 0.000348256
2367 0.000348099
2368 0.000347945
2369 0.000347787
2370 0.000347621
2371 0.000347448
2372 0.000347268
2373 0.000347077
2374 0.000346877
2375 0.000346684
2376 0.000346505
2377 0.000346339
2378 0.000346184
2379 0.000346034
2380 0.00034588
2381 0.000345717
2382 0.000345547
2383 0.000345371
2384 0.000345183
2385 0.000344987
2386 0.000344797
2387 0.000344621
2388 0.000344459
2389 0.000344308
2390 0.00034416
2391 0.000344009
2392 0.00034385
2393 0.000343683
2394 0.00034351
2395 0.000343325
2396 0.000343132
2397 0.000342946
2398 0.000342773
2399 0.000342614
2400 0.000342466
2401 0.000342322
2402 0.000342174
2403 0.000342018
2404 0.000341854
2405 0.000341683
2406 0.000341502
2407 0.000341313
2408 0.00034113
2409 0.00034096
2410 0.000340804
2411 0.000340659
2412 0.000340518
2413 0.000340372
2414 0.000340219
2415 0.000340058
2416 0.000339891
2417 0.000339712
2418 0.000339526
2419 0.000339346
2420 0.000339179
2421 0.000339026
2422 0.000338884
2423 0.000338746
2424 0.000338603
2425 0.000338452
2426 0.000338294
2427 0.00033813
2428 0.000337954
2429 0.000337771
2430 0.000337594
2431 0.00033743
2432 0.00033728
2433 0.00033714
2434 0.000337005
2435 0.000336865
2436 0.000336717
2437 0.000336561
2438 0.000336399
2439 0.000336226
2440 0.000336046
2441 0.000335872
2442 0.000335711
2443 0.000335563
2444 0.000335427
2445 0.000335294
2446 0.000335156
2447 0.000335011
2448 0.000334858
2449 0.000334698
2450 0.000334528
2451 0.00033435
2452 0.000334179
2453 0.000334021
2454 0.000333876
2455 0.000333742
2456 0.000333611
2457 0.000333476
2458 0.000333333
2459 0.000333183
2460 0.000333026
2461 0.000332858
2462 0.000332683
2463 0.000332514
2464 0.000332359
2465 0.000332216
2466 0.000332085
2467 0.000331957
2468 0.000331824
2469 0.000331683
2470 0.000331535
2471 0.00033138
2472 0.000331215
2473 0.000331043
2474 0.000330877
2475 0.000330724
2476 0.000330584
2477 0.000330454
2478 0.000330328
2479 0.000330198
2480 0.00033006
2481 0.000329914
2482 0.000329761
2483 0.000329599
2484 0.000329429
2485 0.000329265
2486 0.000329114
2487 0.000328977
2488 0.00032885
2489 0.000328726
2490 0.000328598
2491 0.000328461
2492 0.000328318
2493 0.000328168
2494 0.000328007
2495 0.00032784
2496 0.000327678
2497 0.00032753
2498 0.000327395
2499 0.00032727
2500 0.00032721
