1765 0.000278052
1766 0.000278106
1767 0.00027822
1768 0.000278343
1769 0.000278471
1770 0.0002786
1771 0.000278733
1772 0.000278869
1773 0.000279009
1774 0.000279153
1775 0.000279302
1776 0.000279457
1777 0.000279618
1778 0.000279782
1779 0.000279943
1780 0.000280097
1781 0.000280243
1782 0.000280382
1783 0.000280518
1784 0.000280657
1785 0.000280803
1786 0.000280957
1787 0.000281118
1788 0.000281282
1789 0.000281443
1790 0.000281598
1791 0.000281747
1792 0.000281891
1793 0.000282031
1794 0.000282167
1795 0.000282299
1796 0.000282427
1797 0.000282551
1798 0.000282671
1799 0.000282787
1800 0.000282899
1801 0.000283007
1802 0.000283111
1803 0.000283211
1804 0.000283307
1805 0.0002834
1806 0.00028349
1807 0.000283578
1808 0.000283661
1809 0.000283735
1810 0.000283797
1811 0.000283847
1812 0.000283889
1813 0.000283926
1814 0.000283963
1815 0.000284001
1816 0.000284043
1817 0.000284086
1818 0.000284129
1819 0.000284167
1820 0.000284198
1821 0.000284223
1822 0.000284244
1823 0.000284263
1824 0.000284281
1825 0.0002843
1826 0.00028432
1827 0.00028434
1828 0.00028436
1829 0.00028438
1830 0.0002844
1831 0.000284385
1832 0.00028428
1833 0.000284125
1834 0.000283975
1835 0.000283825
1836 0.000283675
1837 0.000283525
1838 0.000283425
1839 0.0002834
1840 0.0002834
1841 0.000283425
1842 0.0002835
1843 0.0002836
1844 0.000283725
1845 0.0002839
1846 0.000284075
1847 0.000284225
1848 0.0002844
1849 0.000284575
1850 0.000284725
1851 0.000284875
1852 0.000285
1853 0.000285125
1854 0.000285275
1855 0.000285425
1856 0.000285575
1857 0.000285725
1858 0.0002859
1859 0.000286075
1860 0.000286225
1861 0.000286375
1862 0.0002865
1863 0.000286625
1864 0.000286775
1865 0.0002869
1866 0.000287
1867 0.0002871
1868 0.000287225
1869 0.000287375
1870 0.000287525
1871 0.0002877
1872 0.0002879
1873 0.000288125
1874 0.0002884
1875 0.0002887
1876 0.000289025
1877 0.0002894
1878 0.0002898
1879 0.000290225
1880 0.0002907
1881 0.0002912
1882 0.000291675
1883 0.000292125
1884 0.000292575
1885 0.000292975
1886 0.0002933
1887 0.000293575
1888 0.0002938
1889 0.000294
1890 0.000294175
1891 0.000294325
1892 0.000294475
1893 0.0002946
1894 0.0002947
1895 0.0002948
1896 0.0002949
1897 0.000295025
1898 0.000295225
1899 0.0002955
1900 0.0002958
1901 0.000296125
1902 0.000296475
1903 0.000296825
1904 0.0002972
1905 0.000297625
1906 0.000298075
1907 0.0002985
1908 0.0002989
1909 0.0002993
1910 0.0002997
1911 0.000300075
1912 0.000300425
1913 0.000300775
1914 0.0003011
1915 0.0003014
1916 0.000301725
1917 0.000302075
1918 0.0003024
1919 0.0003027
1920 0.000303025
1921 0.0003034
1922 0.000303775
1923 0.000304125
1924 0.000304525
1925 0.000304975
1926 0.0003054
1927 0.000305825
1928 0.0003063
1929 0.000306775
1930 0.000307225
1931 0.0003077
1932 0.000308175
1933 0.0003086
1934 0.000309
1935 0.0003094
1936 0.00030975
1937 0.00031
1938 0.000310175
1939 0.0003103
1940 0.000310375
1941 0.000310375
1942 0.0003103
1943 0.0003102
1944 0.000310125
1945 0.0003101
1946 0.000310125
1947 0.0003102
1948 0.000310325
1949 0.0003105
1950 0.00031075
1951 0.0003111
1952 0.0003115
1953 0.000311925
1954 0.000312425
1955 0.000313
1956 0.0003136
1957 0.000314225
1958 0.000314848
1959 0.0003155
1960 0.000316273
1961 0.000317075
1962 0.000317795
1963 0.000318398
1964 0.000318925
1965 0.000319648
1966 0.000320648
1967 0.000321605
1968 0.000322635
1969 0.000323903
1970 0.000324985
1971 0.000325855
1972 0.00032714
1973 0.000328678
1974 0.000329743
1975 0.000330585
1976 0.000331748
1977 0.000333273
1978 0.000334848
1979 0.000336525
1980 0.00033836
1981 0.000339728
1982 0.000340793
1983 0.000342198
1984 0.000343783
1985 0.000345283
1986 0.000346798
1987 0.000348645
1988 0.000350738
1989 0.000352488
1990 0.000353855
1991 0.000355018
1992 0.000355885
1993 0.000356778
1994 0.000358128
1995 0.000359838
1996 0.000361463
1997 0.000363155
1998 0.000365323
1999 0.000367348
2000 0.000368865
2001 0.000370468
2002 0.000372523
2003 0.00037476
2004 0.000376813
2005 0.000378813
2006 0.000380828
2007 0.000400
2008 0.000420
2009 0.000440
2010 0.000460
2011 0.000480
2012 0.000500
2013 0.000520
2014 0.000540
2015 0.000580
2016 0.000600
2017 0.000620
2018 0.000640
2019 0.000660
2020 0.00041578
2021 0.000418796
2022 0.000421864
2023 0.000424995
2024 0.000428197
2025 0.000431475
2026 0.000434826
2027 0.000438245
2028 0.000441721
2029 0.000445251
2030 0.000448835
2031 0.000452474
2032 0.000456177
2033 0.000459964
2034 0.000463852
2035 0.00046785
2036 0.00047196
2037 0.000476182
2038 0.000480508
2039 0.000484927
2040 0.000489435
2041 0.000494032
2042 0.00049873
2043 0.00050353
2044 0.000508433
2045 0.000513456
2046 0.000518611
2047 0.0005239
2048 0.000529324
2049 0.000534875
2050 0.000540543
2051 0.000546322
2052 0.000552212
2053 0.000558212
2054 0.000564313
2055 0.000570517
2056 0.000576843
2057 0.000583305
2058 0.000589905
2059 0.000596647
2060 0.00060352
2061 0.000610517
2062 0.000617605
2063 0.000624764
2064 0.000631995
2065 0.000639291
2066 0.000646653
2067 0.000654098
2068 0.000661645
2069 0.000669305
2070 0.000677078
2071 0.000684954
2072 0.000692902
2073 0.000700894
2074 0.000708932
2075 0.000717015
2076 0.000725136
2077 0.000733307
2078 0.000741524
2079 0.000749805
2080 0.000758182
2081 0.000766645
2082 0.000775174
2083 0.000783751
2084 0.000792366
2085 0.000801019
2086 0.000809715
2087 0.000818422
2088 0.000827157
2089 0.000835956
2090 0.000844805
2091 0.000853725
2092 0.000862726
2093 0.000871777
2094 0.000880864
2095 0.000889982
2096 0.000899124
2097 0.000908289
2098 0.000917471
2099 0.000926665
2100 0.000935874
2101 0.000945132
2102 0.000954466
2103 0.000963839
2104 0.000973241
2105 0.00098268
2106 0.000992143
2107 0.001001631
2108 0.001011119
2109 0.001020609
2110 0.0010301
2111 0.001039589
2112 0.001049123
2113 0.0010587
2114 0.001068322
2115 0.001078
2116 0.0010877
2117 0.00109743
2118 0.001107177
2119 0.001116912
2120 0.001126659
2121 0.001136402
2122 0.001146134
2123 0.001155906
2124 0.00116574
2125 0.001175618
2126 0.00118553
2127 0.001195483
2128 0.001205477
2129 0.001215466
2130 0.001225453
2131 0.001235449
2132 0.001245419
2133 0.001255397
2134 0.001265421
2135 0.001275484
2136 0.001285594
2137 0.001295763
2138 0.001305963
2139 0.001316171
2140 0.001326394
2141 0.001336628
2142 0.001346859
2143 0.001357073
2144 0.00136728
2145 0.00137751
2146 0.001387793
2147 0.001398138
2148 0.001408523
2149 0.001418947
2150 0.001429397
2151 0.001439835
2152 0.001450211
2153 0.001460479
2154 0.001470592
2155 0.001480556
2156 0.001490455
2157 0.001500299
2158 0.001510057
2159 0.001519733
2160 0.001529328
2161 0.001538827
2162 0.001548221
2163 0.001557503
2164 0.001566684
2165 0.001575709
2166 0.001584579
2167 0.001593389
2168 0.001602144
2169 0.001610823
2170 0.001619419
2171 0.001627928
2172 0.001636342
2173 0.001644654
2174 0.001652862
2175 0.001660947
2176 0.001668871
2177 0.001676649
2178 0.001684348
2179 0.001691986
2180 0.001699554
2181 0.001707054
2182 0.001714467
2183 0.001721786
2184 0.001728999
2185 0.001736073
2186 0.00174302
2187 0.001749827
2188 0.001756485
2189 0.001763047
2190 0.001769542
2191 0.001775972
2192 0.001782328
2193 0.001788599
2194 0.001794761
2195 0.0018008
2196 0.001806733
2197 0.00181252
2198 0.001818142
2199 0.00182365
2200 0.001829056
2201 0.001834373
2202 0.001839612
2203 0.001844781
2204 0.001849868
2205 0.001854849
2206 0.001859711
2207 0.001864447
2208 0.001869036
2209 0.001873467
2210 0.001877784
2211 0.001881995
2212 0.00188611
2213 0.001890155
2214 0.001894131
2215 0.001898012
2216 0.001901777
2217 0.001905424
2218 0.00190896
2219 0.001912345
2220 0.001915547
2221 0.001918622
2222 0.001921613
2223 0.001924523
2224 0.001927352
2225 0.0019301
2226 0.001932751
2227 0.001935293
2228 0.001937713
2229 0.00194001
2230 0.001942158
2231 0.001944157
2232 0.001946028
2233 0.001947776
2234 0.001949439
2235 0.001951012
2236 0.001952514
2237 0.001953943
2238 0.001955272
2239 0.00195646
2240 0.001957493
2241 0.001958428
2242 0.00195919
2243 0.001959771
2244 0.001960285
2245 0.001960729
2246 0.001961067
2247 0.001961319
2248 0.001961496
2249 0.001961568
2250 0.001961577
2251 0.001961577
2252 0.001961577
2253 0.001961577
2254 0.001961577
2255 0.001961577
2256 0.001961577
2257 0.001961577
2258 0.001961577
2259 0.001961577
2260 0.001961577
2261 0.001961577
2262 0.001961577
2263 0.001961577
2264 0.001961577
2265 0.001961577
2266 0.001961577
2267 0.001961577
2268 0.001961577
2269 0.001961577
2270 0.001961577
2271 0.001961577
2272 0.001961577
2273 0.001961577
2274 0.001961577
2275 0.001961577
2276 0.001961577
2277 0.001961577
2278 0.001961577
2279 0.001961577
2280 0.001961577
2281 0.001961577
2282 0.001961577
2283 0.001961577
2284 0.001961577
2285 0.001961577
2286 0.001961577
2287 0.001961577
2288 0.001961577
2289 0.001961577
2290 0.001961577
2291 0.001961577
2292 0.001961577
2293 0.001961577
2294 0.001961577
2295 0.001961577
2296 0.001961577
2297 0.001961577
2298 0.001961577
2299 0.001961577
2300 0.001961577
2301 0.001961577
2302 0.001961577
2303 0.001961577
2304 0.001961577
2305 0.001961577
2306 0.001961577
2307 0.001961577
2308 0.001961577
2309 0.001961577
2310 0.001961577
2311 0.001961577
2312 0.001961577
2313 0.001961577
2314 0.001961577
2315 0.001961577
2316 0.001961577
2317 0.001961577
2318 0.001961577
2319 0.001961577
2320 0.001961577
2321 0.001961577
2322 0.001961577
2323 0.001961577
2324 0.001961577
2325 0.001961577
2326 0.001961577
2327 0.001961577
2328 0.001961577
2329 0.001961577
2330 0.001961577
2331 0.001961577
2332 0.001961577
2333 0.001961577
2334 0.001961577
2335 0.001961577
2336 0.001961577
2337 0.001961577
2338 0.001961577
2339 0.001961577
2340 0.001961577
2341 0.001961577
2342 0.001961577
2343 0.001961577
2344 0.001961577
2345 0.001961577
2346 0.001961577
2347 0.001961577
2348 0.001961577
2349 0.001961577
2350 0.001961577
2351 0.001961577
2352 0.001961577
2353 0.001961577
2354 0.001961577
2355 0.001961577
2356 0.001961577
2357 0.001961577
2358 0.001961577
2359 0.001961577
2360 0.001961577
2361 0.001961577
2362 0.001961577
2363 0.001961577
2364 0.001961577
2365 0.001961577
2366 0.001961577
2367 0.001961577
2368 0.001961577
2369 0.001961577
2370 0.001961577
2371 0.001961577
2372 0.001961577
2373 0.001961577
2374 0.001961577
2375 0.001961577
2376 0.001961577
2377 0.001961577
2378 0.001961577
2379 0.001961577
2380 0.001961577
2381 0.001961577
2382 0.001961577
2383 0.001961577
2384 0.001961577
2385 0.001961577
2386 0.001961577
2387 0.001961577
2388 0.001961577
2389 0.001961577
2390 0.001961577
2391 0.001961577
2392 0.001961577
2393 0.001961577
2394 0.001961577
2395 0.001961577
2396 0.001961577
2397 0.001961577
2398 0.001961577
2399 0.001961577
2400 0.001961577
2401 0.001961577
2402 0.001961577
2403 0.001961577
2404 0.001961577
2405 0.001961577
2406 0.001961577
2407 0.001961577
2408 0.001961577
2409 0.001961577
2410 0.001961577
2411 0.001961577
2412 0.001961577
2413 0.001961577
2414 0.001961577
2415 0.001961577
2416 0.001961577
2417 0.001961577
2418 0.001961577
2419 0.001961577
2420 0.001961577
2421 0.001961577
2422 0.001961577
2423 0.001961577
2424 0.001961577
2425 0.001961577
2426 0.001961577
2427 0.001961577
2428 0.001961577
2429 0.001961577
2430 0.001961577
2431 0.001961577
2432 0.001961577
2433 0.001961577
2434 0.001961577
2435 0.001961577
2436 0.001961577
2437 0.001961577
2438 0.001961577
2439 0.001961577
2440 0.001961577
2441 0.001961577
2442 0.001961577
2443 0.001961577
2444 0.001961577
2445 0.001961577
2446 0.001961577
2447 0.001961577
2448 0.001961577
2449 0.001961577
2450 0.001961577
2451 0.001961577
2452 0.001961577
2453 0.001961577
2454 0.001961577
2455 0.001961577
2456 0.001961577
2457 0.001961577
2458 0.001961577
2459 0.001961577
2460 0.001961577
2461 0.001961577
2462 0.001961577
2463 0.001961577
2464 0.001961577
2465 0.001961577
2466 0.001961577
2467 0.001961577
2468 0.001961577
2469 0.001961577
2470 0.001961577
2471 0.001961577
2472 0.001961577
2473 0.001961577
2474 0.001961577
2475 0.001961577
2476 0.001961577
2477 0.001961577
2478 0.001961577
2479 0.001961577
2480 0.001961577
2481 0.001961577
2482 0.001961577
2483 0.001961577
2484 0.001961577
2485 0.001961577
2486 0.001961577
2487 0.001961577
2488 0.001961577
2489 0.001961577
2490 0.001961577
2491 0.001961577
2492 0.001961577
2493 0.001961577
2494 0.001961577
2495 0.001961577
2496 0.001961577
2497 0.001961577
2498 0.001961577
2499 0.001961577
2500 0.001961577
